//rob131
sensor0LT {3029,2754,2407,2122,1921,1672,1559,1411,1322,1134,1068,1037,966,922,847,812,785,741,725,663,611,604,597,585,579,571,568,564,556,550,545,546,526,531 },
sensor1LT{ 3053,2676,2361,2048,1825,1557,1454,1287,1182,1091,1025,928,841,818,775,736,683,661,633,614,571,556,546,527,517,515,507,498,493,489,493,486,477,468},
// 20 to 150 cm included + 0 to 20 cm in another table
sensor2LT { 2396,2328,2253,2178,2111,2040,1962,1931,1848,1813,1735,1697,1677,1650,1582,1562,1525,1508,1468,1444,1410,1383,1371,1348,1316,1282,1256,1235,1222,1192,1172,1153,1147,1137,1119,1095,1090,1081,1063,1048,1033,1018,1011,1005,988,978,973,968,961,945,938,928,913,909,897,896,888,871,862,853,844,849,833,842,824,808,805,805,804,804,797,771,770,771,761,747,754,738,745,731,727,716,703,709,694,690,693,684,685,667,674,678,674,668,662,641,630,651,640,642},
sensor2NearLT  { 1572,1698,1873,2018,2207,2407,2615,2808,2897,2961,2977,2966,2962,2916,2860,2778,2708,2669,2591,2482},
sensor3LT { 2339,2314,2245,2166,2104,2063,2009,1915,1884,1836,1788,1740,1694,1643,1610,1588,1539,1506,1472,1446,1429,1420,1369,1351,1332,1293,1258,1233,1216,1205,1185,1175,1158,1140,1134,1131,1100,1089,1087,1045,1038,1035,1017,1018,1007,992,997,979,971,966,950,948,936,924,919,892,897,893,900,880,887,870,852,843,841,834,824,817,807,802,800,806,808,790,777,786,760,765,742,740,741,735,731,726,722,719,725,719,702,691,685,678,677,677,672,669,669,667,660,657 },
sensor3NearLT{1554,1648,1770,1917,2082,2352,2596,2743,2866,2924,2949,2945,2931,2864,2828,2774,2692,2637,2530,2423}
//robot 105
sensor0LT {2979,2470,2331,2035,1796,1601,1430,1197,1112,965,922,829,788,737,676,645,616,570,554,507,487,466,446,428,417,410,382,384,378,357,343,340,332,335 },
sensor1LT{ 3054,2795,2556,2199,2010,1811,1653,1435,1368,1262,1207,1146,1045,1024,969,924,898,842,824,794,772,753,735,711,698,674,668,666,647,646,641,639,636,622},
// 20 to 150 cm included + 0 to 20 cm in another table
sensor2LT { 2493,2378,2283,2200,2156,2076,2012,1955,1888,1828,1772,1736,1683,1653,1609,1552,1538,1489,1453,1437,1386,1364,1337,1322,1297,1277,1272,1254,1238,1223,1201,1175,1163,1153,1127,1122,1102,1094,1088,1073,1049,1033,1026,1020,1007,994,978,974,963,948,942,938,913,903,900,890,871,866,863,851,838,838,836,820,804,800,795,797,782,757,755,757,756,746,735,729,718,721,707,698,706,697,684,671,672,669,662,667,658,650,633,637,642,638,623,635,645,626,625,607},
sensor2NearLT  {1830,1885,2009,2285,2418,2668,2969,3036,3080,3089,3089,3088,3077,3010,2979,2917,2784,2734,2645,2557},
sensor3LT { 2381,2303,2216,2146,2072,2036,1963,1902,1846,1800,1726,1683,1653,1599,1574,1535,1483,1463,1431,1409,1378,1353,1322,1316,1295,1264,1255,1227,1200,1187,1168,1152,1129,1111,1093,1079,1066,1058,1041,1038,1016,1011,983,983,958,956,950,926,923,913,887,874,874,865,864,853,850,835,829,824,815,801,793,786,762,765,768,743,740,736,721,725,722,705,707,698,696,678,677,667,675,659,650,644,642,643,626,610,613,602,606,609,599,595,582,581,590,575,584,568},
sensor3NearLT{1834,1945,2102,2225,2433,2602,2885,3023,3093,3099,3098,3086,3044,2995,2920,2819,2738,2658,2587,2489}
//robot 161
sensor0LT {2795,2697,2306,2058,1803,1569,1401,1296,1129,1054,984,911,857,778,741,683,643,631,594,569,546,514,464,448,441,432,433,414,405,392,380,377,366,361 },
sensor1LT{ 3075,2785,2434,2122,1843,1630,1480,1316,1182,1099,1009,942,899,829,792,737,709,689,660,642,631,610,598,590,587,590,575,589,582,594,623,617,608,598},
// 20 to 150 cm included + 0 to 20 cm in another table
sensor2LT { 2374,2293,2161,2105,2048,1975,1914,1872,1806,1763,1714,1672,1634,1574,1529,1507,1442,1408,1371,1330,1299,1290,1260,1224,1226,1200,1190,1160,1147,1140,1119,1098,1088,1084,1062,1043,1038,1039,1012,1002,994,986,976,957,967,948,936,926,928,901,897,899,893,868,864,869,847,835,832,842,827,807,822,804,785,792,797,788,760,765,782,761,751,753,740,733,739,729,722,717,716,715,701,693,701,680,679,669,673,651,639,641,631,620,628,614,607,611,613,613},
sensor2NearLT  {1553,1624,1717,1847,2089,2372,2535,2723,2879,2947,2978,2967,2946,2893,2843,2769,2706,2634,2546,2457},
sensor3LT { 2429,2303,2196,2063,2019,1976,1903,1851,1792,1754,1722,1655,1632,1601,1538,1512,1489,1438,1377,1361,1314,1296,1279,1267,1225,1202,1197,1175,1151,1144,1144,1144,1108,1088,1075,1084,1046,1041,1037,1023,1003,999,1002,981,954,968,961,930,927,931,908,895,896,896,871,864,888,863,841,850,848,823,832,830,805,804,796,795,779,777,779,755,759,770,744,743,739,731,730,734,722,715,716,698,704,691,680,679,672,671,673,666,649,653,647,640,635,643,632,627},
sensor3NearLT{1578,1650,1748,1930,2088,2447,2600,2892,2976,3003,3011,3004,2994,2943,2866,2817,2763,2656,2543,2502}
